PUSH(6157): 6157
POP: 
PUSH(2933): 2933
POP: 
PUSH(2780): 2780
POP: 
POP: Stack EMPTY
POP: Stack EMPTY
POP: Stack EMPTY
POP: Stack EMPTY
POP: Stack EMPTY
POP: Stack EMPTY
POP: Stack EMPTY
POP: Stack EMPTY
POP: Stack EMPTY
POP: Stack EMPTY
PUSH(347): 347
POP: 
PUSH(8344): 8344
PUSH(9100): 8344 9100
PUSH(3716): 8344 9100 3716
POP: 8344 9100
PUSH(2653): 8344 9100 2653
PUSH(929): 8344 9100 2653 929
PUSH(5598): 8344 9100 2653 929 5598
PUSH(1561): 8344 9100 2653 929 5598 1561
PUSH(2995): 8344 9100 2653 929 5598 1561 2995
PUSH(9385): 8344 9100 2653 929 5598 1561 2995 9385
PUSH(1334): 8344 9100 2653 929 5598 1561 2995 9385 1334
PUSH(457): 8344 9100 2653 929 5598 1561 2995 9385 1334 457
POP: 8344 9100 2653 929 5598 1561 2995 9385 1334
POP: 8344 9100 2653 929 5598 1561 2995 9385
POP: 8344 9100 2653 929 5598 1561 2995
PUSH(7894): 8344 9100 2653 929 5598 1561 2995 7894
POP: 8344 9100 2653 929 5598 1561 2995
PUSH(8445): 8344 9100 2653 929 5598 1561 2995 8445
POP: 8344 9100 2653 929 5598 1561 2995
PUSH(8221): 8344 9100 2653 929 5598 1561 2995 8221
PUSH(1551): 8344 9100 2653 929 5598 1561 2995 8221 1551
POP: 8344 9100 2653 929 5598 1561 2995 8221
POP: 8344 9100 2653 929 5598 1561 2995
POP: 8344 9100 2653 929 5598 1561
PUSH(6461): 8344 9100 2653 929 5598 1561 6461
POP: 8344 9100 2653 929 5598 1561
POP: 8344 9100 2653 929 5598
PUSH(7467): 8344 9100 2653 929 5598 7467
PUSH(506): 8344 9100 2653 929 5598 7467 506
PUSH(4847): 8344 9100 2653 929 5598 7467 506 4847
PUSH(6731): 8344 9100 2653 929 5598 7467 506 4847 6731
POP: 8344 9100 2653 929 5598 7467 506 4847
PUSH(3540): 8344 9100 2653 929 5598 7467 506 4847 3540
PUSH(7548): 8344 9100 2653 929 5598 7467 506 4847 3540 7548
POP: 8344 9100 2653 929 5598 7467 506 4847 3540
POP: 8344 9100 2653 929 5598 7467 506 4847
PUSH(3068): 8344 9100 2653 929 5598 7467 506 4847 3068
POP: 8344 9100 2653 929 5598 7467 506 4847
PUSH(5548): 8344 9100 2653 929 5598 7467 506 4847 5548
POP: 8344 9100 2653 929 5598 7467 506 4847
POP: 8344 9100 2653 929 5598 7467 506
PUSH(368): 8344 9100 2653 929 5598 7467 506 368
POP: 8344 9100 2653 929 5598 7467 506
POP: 8344 9100 2653 929 5598 7467
PUSH(4045): 8344 9100 2653 929 5598 7467 4045
POP: 8344 9100 2653 929 5598 7467
POP: 8344 9100 2653 929 5598
PUSH(3609): 8344 9100 2653 929 5598 3609
PUSH(2729): 8344 9100 2653 929 5598 3609 2729
POP: 8344 9100 2653 929 5598 3609
POP: 8344 9100 2653 929 5598
PUSH(359): 8344 9100 2653 929 5598 359
PUSH(109): 8344 9100 2653 929 5598 359 109
PUSH(1202): 8344 9100 2653 929 5598 359 109 1202
POP: 8344 9100 2653 929 5598 359 109
PUSH(2386): 8344 9100 2653 929 5598 359 109 2386
PUSH(3096): 8344 9100 2653 929 5598 359 109 2386 3096
PUSH(9847): 8344 9100 2653 929 5598 359 109 2386 3096 9847
PUSH(7354): 8344 9100 2653 929 5598 359 109 2386 3096 9847 7354
POP: 8344 9100 2653 929 5598 359 109 2386 3096 9847
PUSH(4482): 8344 9100 2653 929 5598 359 109 2386 3096 9847 4482
POP: 8344 9100 2653 929 5598 359 109 2386 3096 9847
POP: 8344 9100 2653 929 5598 359 109 2386 3096
PUSH(8429): 8344 9100 2653 929 5598 359 109 2386 3096 8429
PUSH(8415): 8344 9100 2653 929 5598 359 109 2386 3096 8429 8415
PUSH(2905): 8344 9100 2653 929 5598 359 109 2386 3096 8429 8415 2905
PUSH(5547): 8344 9100 2653 929 5598 359 109 2386 3096 8429 8415 2905 5547
PUSH(6139): 8344 9100 2653 929 5598 359 109 2386 3096 8429 8415 2905 5547 6139
PUSH(5914): 8344 9100 2653 929 5598 359 109 2386 3096 8429 8415 2905 5547 6139 5914
POP: 8344 9100 2653 929 5598 359 109 2386 3096 8429 8415 2905 5547 6139
PUSH(6023): 8344 9100 2653 929 5598 359 109 2386 3096 8429 8415 2905 5547 6139 6023
POP: 8344 9100 2653 929 5598 359 109 2386 3096 8429 8415 2905 5547 6139
PUSH(466): 8344 9100 2653 929 5598 359 109 2386 3096 8429 8415 2905 5547 6139 466
POP: 8344 9100 2653 929 5598 359 109 2386 3096 8429 8415 2905 5547 6139
PUSH(5923): 8344 9100 2653 929 5598 359 109 2386 3096 8429 8415 2905 5547 6139 5923
POP: 8344 9100 2653 929 5598 359 109 2386 3096 8429 8415 2905 5547 6139
POP: 8344 9100 2653 929 5598 359 109 2386 3096 8429 8415 2905 5547
PUSH(692): 8344 9100 2653 929 5598 359 109 2386 3096 8429 8415 2905 5547 692
POP: 8344 9100 2653 929 5598 359 109 2386 3096 8429 8415 2905 5547
POP: 8344 9100 2653 929 5598 359 109 2386 3096 8429 8415 2905
PUSH(6780): 8344 9100 2653 929 5598 359 109 2386 3096 8429 8415 2905 6780
POP: 8344 9100 2653 929 5598 359 109 2386 3096 8429 8415 2905
POP: 8344 9100 2653 929 5598 359 109 2386 3096 8429 8415
PUSH(3658): 8344 9100 2653 929 5598 359 109 2386 3096 8429 8415 3658
POP: 8344 9100 2653 929 5598 359 109 2386 3096 8429 8415
POP: 8344 9100 2653 929 5598 359 109 2386 3096 8429
POP: 8344 9100 2653 929 5598 359 109 2386 3096
PUSH(6789): 8344 9100 2653 929 5598 359 109 2386 3096 6789
PUSH(3932): 8344 9100 2653 929 5598 359 109 2386 3096 6789 3932
PUSH(9818): 8344 9100 2653 929 5598 359 109 2386 3096 6789 3932 9818
PUSH(2131): 8344 9100 2653 929 5598 359 109 2386 3096 6789 3932 9818 2131
PUSH(2221): 8344 9100 2653 929 5598 359 109 2386 3096 6789 3932 9818 2131 2221
PUSH(1060): 8344 9100 2653 929 5598 359 109 2386 3096 6789 3932 9818 2131 2221 1060
PUSH(6643): 8344 9100 2653 929 5598 359 109 2386 3096 6789 3932 9818 2131 2221 1060 6643
POP: 8344 9100 2653 929 5598 359 109 2386 3096 6789 3932 9818 2131 2221 1060
POP: 8344 9100 2653 929 5598 359 109 2386 3096 6789 3932 9818 2131 2221
POP: 8344 9100 2653 929 5598 359 109 2386 3096 6789 3932 9818 2131
PUSH(3437): 8344 9100 2653 929 5598 359 109 2386 3096 6789 3932 9818 2131 3437
POP: 8344 9100 2653 929 5598 359 109 2386 3096 6789 3932 9818 2131
POP: 8344 9100 2653 929 5598 359 109 2386 3096 6789 3932 9818
POP: 8344 9100 2653 929 5598 359 109 2386 3096 6789 3932
POP: 8344 9100 2653 929 5598 359 109 2386 3096 6789
POP: 8344 9100 2653 929 5598 359 109 2386 3096
PUSH(7276): 8344 9100 2653 929 5598 359 109 2386 3096 7276
POP: 8344 9100 2653 929 5598 359 109 2386 3096
PUSH(6317): 8344 9100 2653 929 5598 359 109 2386 3096 6317
PUSH(7257): 8344 9100 2653 929 5598 359 109 2386 3096 6317 7257
PUSH(2473): 8344 9100 2653 929 5598 359 109 2386 3096 6317 7257 2473
POP: 8344 9100 2653 929 5598 359 109 2386 3096 6317 7257
PUSH(1754): 8344 9100 2653 929 5598 359 109 2386 3096 6317 7257 1754
POP: 8344 9100 2653 929 5598 359 109 2386 3096 6317 7257
POP: 8344 9100 2653 929 5598 359 109 2386 3096 6317
POP: 8344 9100 2653 929 5598 359 109 2386 3096
POP: 8344 9100 2653 929 5598 359 109 2386
PUSH(8974): 8344 9100 2653 929 5598 359 109 2386 8974
PUSH(6008): 8344 9100 2653 929 5598 359 109 2386 8974 6008
POP: 8344 9100 2653 929 5598 359 109 2386 8974
POP: 8344 9100 2653 929 5598 359 109 2386
POP: 8344 9100 2653 929 5598 359 109
PUSH(1475): 8344 9100 2653 929 5598 359 109 1475
POP: 8344 9100 2653 929 5598 359 109
POP: 8344 9100 2653 929 5598 359
PUSH(7690): 8344 9100 2653 929 5598 359 7690
PUSH(3834): 8344 9100 2653 929 5598 359 7690 3834
PUSH(1468): 8344 9100 2653 929 5598 359 7690 3834 1468
POP: 8344 9100 2653 929 5598 359 7690 3834
PUSH(4138): 8344 9100 2653 929 5598 359 7690 3834 4138
PUSH(5626): 8344 9100 2653 929 5598 359 7690 3834 4138 5626
PUSH(2911): 8344 9100 2653 929 5598 359 7690 3834 4138 5626 2911
POP: 8344 9100 2653 929 5598 359 7690 3834 4138 5626
PUSH(1017): 8344 9100 2653 929 5598 359 7690 3834 4138 5626 1017
POP: 8344 9100 2653 929 5598 359 7690 3834 4138 5626
POP: 8344 9100 2653 929 5598 359 7690 3834 4138
POP: 8344 9100 2653 929 5598 359 7690 3834
PUSH(1722): 8344 9100 2653 929 5598 359 7690 3834 1722
POP: 8344 9100 2653 929 5598 359 7690 3834
PUSH(4082): 8344 9100 2653 929 5598 359 7690 3834 4082
PUSH(3245): 8344 9100 2653 929 5598 359 7690 3834 4082 3245
PUSH(871): 8344 9100 2653 929 5598 359 7690 3834 4082 3245 871
PUSH(8519): 8344 9100 2653 929 5598 359 7690 3834 4082 3245 871 8519
PUSH(337): 8344 9100 2653 929 5598 359 7690 3834 4082 3245 871 8519 337
POP: 8344 9100 2653 929 5598 359 7690 3834 4082 3245 871 8519
POP: 8344 9100 2653 929 5598 359 7690 3834 4082 3245 871
POP: 8344 9100 2653 929 5598 359 7690 3834 4082 3245
POP: 8344 9100 2653 929 5598 359 7690 3834 4082
POP: 8344 9100 2653 929 5598 359 7690 3834
PUSH(777): 8344 9100 2653 929 5598 359 7690 3834 777
POP: 8344 9100 2653 929 5598 359 7690 3834
PUSH(6403): 8344 9100 2653 929 5598 359 7690 3834 6403
POP: 8344 9100 2653 929 5598 359 7690 3834
PUSH(8979): 8344 9100 2653 929 5598 359 7690 3834 8979
PUSH(5995): 8344 9100 2653 929 5598 359 7690 3834 8979 5995
PUSH(8491): 8344 9100 2653 929 5598 359 7690 3834 8979 5995 8491
PUSH(2038): 8344 9100 2653 929 5598 359 7690 3834 8979 5995 8491 2038
POP: 8344 9100 2653 929 5598 359 7690 3834 8979 5995 8491
POP: 8344 9100 2653 929 5598 359 7690 3834 8979 5995
POP: 8344 9100 2653 929 5598 359 7690 3834 8979
PUSH(5086): 8344 9100 2653 929 5598 359 7690 3834 8979 5086
PUSH(8406): 8344 9100 2653 929 5598 359 7690 3834 8979 5086 8406
POP: 8344 9100 2653 929 5598 359 7690 3834 8979 5086
POP: 8344 9100 2653 929 5598 359 7690 3834 8979
POP: 8344 9100 2653 929 5598 359 7690 3834
POP: 8344 9100 2653 929 5598 359 7690
PUSH(3134): 8344 9100 2653 929 5598 359 7690 3134
PUSH(831): 8344 9100 2653 929 5598 359 7690 3134 831
POP: 8344 9100 2653 929 5598 359 7690 3134
PUSH(6107): 8344 9100 2653 929 5598 359 7690 3134 6107
PUSH(4435): 8344 9100 2653 929 5598 359 7690 3134 6107 4435
PUSH(9076): 8344 9100 2653 929 5598 359 7690 3134 6107 4435 9076
POP: 8344 9100 2653 929 5598 359 7690 3134 6107 4435
PUSH(8055): 8344 9100 2653 929 5598 359 7690 3134 6107 4435 8055
POP: 8344 9100 2653 929 5598 359 7690 3134 6107 4435
POP: 8344 9100 2653 929 5598 359 7690 3134 6107
POP: 8344 9100 2653 929 5598 359 7690 3134
PUSH(6398): 8344 9100 2653 929 5598 359 7690 3134 6398
POP: 8344 9100 2653 929 5598 359 7690 3134
PUSH(6581): 8344 9100 2653 929 5598 359 7690 3134 6581
PUSH(3018): 8344 9100 2653 929 5598 359 7690 3134 6581 3018
POP: 8344 9100 2653 929 5598 359 7690 3134 6581
POP: 8344 9100 2653 929 5598 359 7690 3134
PUSH(3976): 8344 9100 2653 929 5598 359 7690 3134 3976
PUSH(8349): 8344 9100 2653 929 5598 359 7690 3134 3976 8349
PUSH(6894): 8344 9100 2653 929 5598 359 7690 3134 3976 8349 6894
POP: 8344 9100 2653 929 5598 359 7690 3134 3976 8349
PUSH(4077): 8344 9100 2653 929 5598 359 7690 3134 3976 8349 4077
PUSH(484): 8344 9100 2653 929 5598 359 7690 3134 3976 8349 4077 484
PUSH(2402): 8344 9100 2653 929 5598 359 7690 3134 3976 8349 4077 484 2402
PUSH(8358): 8344 9100 2653 929 5598 359 7690 3134 3976 8349 4077 484 2402 8358
PUSH(5791): 8344 9100 2653 929 5598 359 7690 3134 3976 8349 4077 484 2402 8358 5791
PUSH(2237): 8344 9100 2653 929 5598 359 7690 3134 3976 8349 4077 484 2402 8358 5791 2237
PUSH(7954): 8344 9100 2653 929 5598 359 7690 3134 3976 8349 4077 484 2402 8358 5791 2237 7954
PUSH(2556): 8344 9100 2653 929 5598 359 7690 3134 3976 8349 4077 484 2402 8358 5791 2237 7954 2556
PUSH(3382): 8344 9100 2653 929 5598 359 7690 3134 3976 8349 4077 484 2402 8358 5791 2237 7954 2556 3382
PUSH(7285): 8344 9100 2653 929 5598 359 7690 3134 3976 8349 4077 484 2402 8358 5791 2237 7954 2556 3382 7285
PUSH(7944): 8344 9100 2653 929 5598 359 7690 3134 3976 8349 4077 484 2402 8358 5791 2237 7954 2556 3382 7285 7944
POP: 8344 9100 2653 929 5598 359 7690 3134 3976 8349 4077 484 2402 8358 5791 2237 7954 2556 3382 7285
POP: 8344 9100 2653 929 5598 359 7690 3134 3976 8349 4077 484 2402 8358 5791 2237 7954 2556 3382
PUSH(1985): 8344 9100 2653 929 5598 359 7690 3134 3976 8349 4077 484 2402 8358 5791 2237 7954 2556 3382 1985
POP: 8344 9100 2653 929 5598 359 7690 3134 3976 8349 4077 484 2402 8358 5791 2237 7954 2556 3382
POP: 8344 9100 2653 929 5598 359 7690 3134 3976 8349 4077 484 2402 8358 5791 2237 7954 2556
POP: 8344 9100 2653 929 5598 359 7690 3134 3976 8349 4077 484 2402 8358 5791 2237 7954
POP: 8344 9100 2653 929 5598 359 7690 3134 3976 8349 4077 484 2402 8358 5791 2237
PUSH(3532): 8344 9100 2653 929 5598 359 7690 3134 3976 8349 4077 484 2402 8358 5791 2237 3532
PUSH(7986): 8344 9100 2653 929 5598 359 7690 3134 3976 8349 4077 484 2402 8358 5791 2237 3532 7986
PUSH(4511): 8344 9100 2653 929 5598 359 7690 3134 3976 8349 4077 484 2402 8358 5791 2237 3532 7986 4511
POP: 8344 9100 2653 929 5598 359 7690 3134 3976 8349 4077 484 2402 8358 5791 2237 3532 7986
PUSH(2869): 8344 9100 2653 929 5598 359 7690 3134 3976 8349 4077 484 2402 8358 5791 2237 3532 7986 2869
POP: 8344 9100 2653 929 5598 359 7690 3134 3976 8349 4077 484 2402 8358 5791 2237 3532 7986
POP: 8344 9100 2653 929 5598 359 7690 3134 3976 8349 4077 484 2402 8358 5791 2237 3532
PUSH(9513): 8344 9100 2653 929 5598 359 7690 3134 3976 8349 4077 484 2402 8358 5791 2237 3532 9513
POP: 8344 9100 2653 929 5598 359 7690 3134 3976 8349 4077 484 2402 8358 5791 2237 3532
PUSH(8127): 8344 9100 2653 929 5598 359 7690 3134 3976 8349 4077 484 2402 8358 5791 2237 3532 8127
PUSH(3038): 8344 9100 2653 929 5598 359 7690 3134 3976 8349 4077 484 2402 8358 5791 2237 3532 8127 3038
POP: 8344 9100 2653 929 5598 359 7690 3134 3976 8349 4077 484 2402 8358 5791 2237 3532 8127
PUSH(6675): 8344 9100 2653 929 5598 359 7690 3134 3976 8349 4077 484 2402 8358 5791 2237 3532 8127 6675
PUSH(9611): 8344 9100 2653 929 5598 359 7690 3134 3976 8349 4077 484 2402 8358 5791 2237 3532 8127 6675 9611
PUSH(5729): 8344 9100 2653 929 5598 359 7690 3134 3976 8349 4077 484 2402 8358 5791 2237 3532 8127 6675 9611 5729
POP: 8344 9100 2653 929 5598 359 7690 3134 3976 8349 4077 484 2402 8358 5791 2237 3532 8127 6675 9611
PUSH(6381): 8344 9100 2653 929 5598 359 7690 3134 3976 8349 4077 484 2402 8358 5791 2237 3532 8127 6675 9611 6381
POP: 8344 9100 2653 929 5598 359 7690 3134 3976 8349 4077 484 2402 8358 5791 2237 3532 8127 6675 9611
POP: 8344 9100 2653 929 5598 359 7690 3134 3976 8349 4077 484 2402 8358 5791 2237 3532 8127 6675
PUSH(7657): 8344 9100 2653 929 5598 359 7690 3134 3976 8349 4077 484 2402 8358 5791 2237 3532 8127 6675 7657
POP: 8344 9100 2653 929 5598 359 7690 3134 3976 8349 4077 484 2402 8358 5791 2237 3532 8127 6675
POP: 8344 9100 2653 929 5598 359 7690 3134 3976 8349 4077 484 2402 8358 5791 2237 3532 8127
PUSH(6724): 8344 9100 2653 929 5598 359 7690 3134 3976 8349 4077 484 2402 8358 5791 2237 3532 8127 6724
PUSH(5089): 8344 9100 2653 929 5598 359 7690 3134 3976 8349 4077 484 2402 8358 5791 2237 3532 8127 6724 5089
PUSH(1985): 8344 9100 2653 929 5598 359 7690 3134 3976 8349 4077 484 2402 8358 5791 2237 3532 8127 6724 5089 1985
PUSH(9444): 8344 9100 2653 929 5598 359 7690 3134 3976 8349 4077 484 2402 8358 5791 2237 3532 8127 6724 5089 1985 9444
POP: 8344 9100 2653 929 5598 359 7690 3134 3976 8349 4077 484 2402 8358 5791 2237 3532 8127 6724 5089 1985
POP: 8344 9100 2653 929 5598 359 7690 3134 3976 8349 4077 484 2402 8358 5791 2237 3532 8127 6724 5089
POP: 8344 9100 2653 929 5598 359 7690 3134 3976 8349 4077 484 2402 8358 5791 2237 3532 8127 6724
POP: 8344 9100 2653 929 5598 359 7690 3134 3976 8349 4077 484 2402 8358 5791 2237 3532 8127
POP: 8344 9100 2653 929 5598 359 7690 3134 3976 8349 4077 484 2402 8358 5791 2237 3532
POP: 8344 9100 2653 929 5598 359 7690 3134 3976 8349 4077 484 2402 8358 5791 2237
POP: 8344 9100 2653 929 5598 359 7690 3134 3976 8349 4077 484 2402 8358 5791
PUSH(5682): 8344 9100 2653 929 5598 359 7690 3134 3976 8349 4077 484 2402 8358 5791 5682
POP: 8344 9100 2653 929 5598 359 7690 3134 3976 8349 4077 484 2402 8358 5791
PUSH(5293): 8344 9100 2653 929 5598 359 7690 3134 3976 8349 4077 484 2402 8358 5791 5293
POP: 8344 9100 2653 929 5598 359 7690 3134 3976 8349 4077 484 2402 8358 5791
PUSH(624): 8344 9100 2653 929 5598 359 7690 3134 3976 8349 4077 484 2402 8358 5791 624
POP: 8344 9100 2653 929 5598 359 7690 3134 3976 8349 4077 484 2402 8358 5791
POP: 8344 9100 2653 929 5598 359 7690 3134 3976 8349 4077 484 2402 8358
POP: 8344 9100 2653 929 5598 359 7690 3134 3976 8349 4077 484 2402
POP: 8344 9100 2653 929 5598 359 7690 3134 3976 8349 4077 484
POP: 8344 9100 2653 929 5598 359 7690 3134 3976 8349 4077
POP: 8344 9100 2653 929 5598 359 7690 3134 3976 8349
PUSH(5580): 8344 9100 2653 929 5598 359 7690 3134 3976 8349 5580
POP: 8344 9100 2653 929 5598 359 7690 3134 3976 8349
PUSH(4696): 8344 9100 2653 929 5598 359 7690 3134 3976 8349 4696
PUSH(9443): 8344 9100 2653 929 5598 359 7690 3134 3976 8349 4696 9443
PUSH(6188): 8344 9100 2653 929 5598 359 7690 3134 3976 8349 4696 9443 6188
POP: 8344 9100 2653 929 5598 359 7690 3134 3976 8349 4696 9443
POP: 8344 9100 2653 929 5598 359 7690 3134 3976 8349 4696
PUSH(2514): 8344 9100 2653 929 5598 359 7690 3134 3976 8349 4696 2514
POP: 8344 9100 2653 929 5598 359 7690 3134 3976 8349 4696
POP: 8344 9100 2653 929 5598 359 7690 3134 3976 8349
PUSH(5244): 8344 9100 2653 929 5598 359 7690 3134 3976 8349 5244
POP: 8344 9100 2653 929 5598 359 7690 3134 3976 8349
PUSH(2713): 8344 9100 2653 929 5598 359 7690 3134 3976 8349 2713
PUSH(6561): 8344 9100 2653 929 5598 359 7690 3134 3976 8349 2713 6561
POP: 8344 9100 2653 929 5598 359 7690 3134 3976 8349 2713
PUSH(3537): 8344 9100 2653 929 5598 359 7690 3134 3976 8349 2713 3537
PUSH(481): 8344 9100 2653 929 5598 359 7690 3134 3976 8349 2713 3537 481
POP: 8344 9100 2653 929 5598 359 7690 3134 3976 8349 2713 3537
POP: 8344 9100 2653 929 5598 359 7690 3134 3976 8349 2713
PUSH(6654): 8344 9100 2653 929 5598 359 7690 3134 3976 8349 2713 6654
PUSH(7037): 8344 9100 2653 929 5598 359 7690 3134 3976 8349 2713 6654 7037
POP: 8344 9100 2653 929 5598 359 7690 3134 3976 8349 2713 6654
PUSH(1733): 8344 9100 2653 929 5598 359 7690 3134 3976 8349 2713 6654 1733
POP: 8344 9100 2653 929 5598 359 7690 3134 3976 8349 2713 6654
POP: 8344 9100 2653 929 5598 359 7690 3134 3976 8349 2713
POP: 8344 9100 2653 929 5598 359 7690 3134 3976 8349
POP: 8344 9100 2653 929 5598 359 7690 3134 3976
PUSH(6871): 8344 9100 2653 929 5598 359 7690 3134 3976 6871
POP: 8344 9100 2653 929 5598 359 7690 3134 3976
POP: 8344 9100 2653 929 5598 359 7690 3134
PUSH(4242): 8344 9100 2653 929 5598 359 7690 3134 4242
POP: 8344 9100 2653 929 5598 359 7690 3134
PUSH(2884): 8344 9100 2653 929 5598 359 7690 3134 2884
POP: 8344 9100 2653 929 5598 359 7690 3134
PUSH(7408): 8344 9100 2653 929 5598 359 7690 3134 7408
PUSH(6851): 8344 9100 2653 929 5598 359 7690 3134 7408 6851
PUSH(1271): 8344 9100 2653 929 5598 359 7690 3134 7408 6851 1271
POP: 8344 9100 2653 929 5598 359 7690 3134 7408 6851
POP: 8344 9100 2653 929 5598 359 7690 3134 7408
PUSH(8583): 8344 9100 2653 929 5598 359 7690 3134 7408 8583
POP: 8344 9100 2653 929 5598 359 7690 3134 7408
PUSH(4627): 8344 9100 2653 929 5598 359 7690 3134 7408 4627
PUSH(9581): 8344 9100 2653 929 5598 359 7690 3134 7408 4627 9581
POP: 8344 9100 2653 929 5598 359 7690 3134 7408 4627
PUSH(1498): 8344 9100 2653 929 5598 359 7690 3134 7408 4627 1498
POP: 8344 9100 2653 929 5598 359 7690 3134 7408 4627
POP: 8344 9100 2653 929 5598 359 7690 3134 7408
PUSH(9175): 8344 9100 2653 929 5598 359 7690 3134 7408 9175
PUSH(9423): 8344 9100 2653 929 5598 359 7690 3134 7408 9175 9423
PUSH(8972): 8344 9100 2653 929 5598 359 7690 3134 7408 9175 9423 8972
PUSH(2455): 8344 9100 2653 929 5598 359 7690 3134 7408 9175 9423 8972 2455
POP: 8344 9100 2653 929 5598 359 7690 3134 7408 9175 9423 8972
PUSH(9980): 8344 9100 2653 929 5598 359 7690 3134 7408 9175 9423 8972 9980
POP: 8344 9100 2653 929 5598 359 7690 3134 7408 9175 9423 8972
PUSH(7714): 8344 9100 2653 929 5598 359 7690 3134 7408 9175 9423 8972 7714
PUSH(2910): 8344 9100 2653 929 5598 359 7690 3134 7408 9175 9423 8972 7714 2910
PUSH(6675): 8344 9100 2653 929 5598 359 7690 3134 7408 9175 9423 8972 7714 2910 6675
POP: 8344 9100 2653 929 5598 359 7690 3134 7408 9175 9423 8972 7714 2910
PUSH(1610): 8344 9100 2653 929 5598 359 7690 3134 7408 9175 9423 8972 7714 2910 1610
PUSH(717): 8344 9100 2653 929 5598 359 7690 3134 7408 9175 9423 8972 7714 2910 1610 717
POP: 8344 9100 2653 929 5598 359 7690 3134 7408 9175 9423 8972 7714 2910 1610
POP: 8344 9100 2653 929 5598 359 7690 3134 7408 9175 9423 8972 7714 2910
PUSH(4339): 8344 9100 2653 929 5598 359 7690 3134 7408 9175 9423 8972 7714 2910 4339
POP: 8344 9100 2653 929 5598 359 7690 3134 7408 9175 9423 8972 7714 2910
POP: 8344 9100 2653 929 5598 359 7690 3134 7408 9175 9423 8972 7714
PUSH(782): 8344 9100 2653 929 5598 359 7690 3134 7408 9175 9423 8972 7714 782
POP: 8344 9100 2653 929 5598 359 7690 3134 7408 9175 9423 8972 7714
POP: 8344 9100 2653 929 5598 359 7690 3134 7408 9175 9423 8972
POP: 8344 9100 2653 929 5598 359 7690 3134 7408 9175 9423
PUSH(3436): 8344 9100 2653 929 5598 359 7690 3134 7408 9175 9423 3436
POP: 8344 9100 2653 929 5598 359 7690 3134 7408 9175 9423
PUSH(2243): 8344 9100 2653 929 5598 359 7690 3134 7408 9175 9423 2243
PUSH(9152): 8344 9100 2653 929 5598 359 7690 3134 7408 9175 9423 2243 9152
PUSH(8579): 8344 9100 2653 929 5598 359 7690 3134 7408 9175 9423 2243 9152 8579
PUSH(9938): 8344 9100 2653 929 5598 359 7690 3134 7408 9175 9423 2243 9152 8579 9938
POP: 8344 9100 2653 929 5598 359 7690 3134 7408 9175 9423 2243 9152 8579
PUSH(5276): 8344 9100 2653 929 5598 359 7690 3134 7408 9175 9423 2243 9152 8579 5276
POP: 8344 9100 2653 929 5598 359 7690 3134 7408 9175 9423 2243 9152 8579
POP: 8344 9100 2653 929 5598 359 7690 3134 7408 9175 9423 2243 9152
POP: 8344 9100 2653 929 5598 359 7690 3134 7408 9175 9423 2243
POP: 8344 9100 2653 929 5598 359 7690 3134 7408 9175 9423
PUSH(8870): 8344 9100 2653 929 5598 359 7690 3134 7408 9175 9423 8870
POP: 8344 9100 2653 929 5598 359 7690 3134 7408 9175 9423
POP: 8344 9100 2653 929 5598 359 7690 3134 7408 9175
PUSH(9928): 8344 9100 2653 929 5598 359 7690 3134 7408 9175 9928
PUSH(21): 8344 9100 2653 929 5598 359 7690 3134 7408 9175 9928 21
PUSH(2724): 8344 9100 2653 929 5598 359 7690 3134 7408 9175 9928 21 2724
PUSH(2523): 8344 9100 2653 929 5598 359 7690 3134 7408 9175 9928 21 2724 2523
POP: 8344 9100 2653 929 5598 359 7690 3134 7408 9175 9928 21 2724
POP: 8344 9100 2653 929 5598 359 7690 3134 7408 9175 9928 21
POP: 8344 9100 2653 929 5598 359 7690 3134 7408 9175 9928
POP: 8344 9100 2653 929 5598 359 7690 3134 7408 9175
POP: 8344 9100 2653 929 5598 359 7690 3134 7408
POP: 8344 9100 2653 929 5598 359 7690 3134
POP: 8344 9100 2653 929 5598 359 7690
PUSH(3131): 8344 9100 2653 929 5598 359 7690 3131
POP: 8344 9100 2653 929 5598 359 7690
PUSH(3069): 8344 9100 2653 929 5598 359 7690 3069
PUSH(5709): 8344 9100 2653 929 5598 359 7690 3069 5709
PUSH(1597): 8344 9100 2653 929 5598 359 7690 3069 5709 1597
PUSH(6499): 8344 9100 2653 929 5598 359 7690 3069 5709 1597 6499
POP: 8344 9100 2653 929 5598 359 7690 3069 5709 1597
PUSH(1721): 8344 9100 2653 929 5598 359 7690 3069 5709 1597 1721
PUSH(1255): 8344 9100 2653 929 5598 359 7690 3069 5709 1597 1721 1255
POP: 8344 9100 2653 929 5598 359 7690 3069 5709 1597 1721
PUSH(3197): 8344 9100 2653 929 5598 359 7690 3069 5709 1597 1721 3197
POP: 8344 9100 2653 929 5598 359 7690 3069 5709 1597 1721
PUSH(5922): 8344 9100 2653 929 5598 359 7690 3069 5709 1597 1721 5922
POP: 8344 9100 2653 929 5598 359 7690 3069 5709 1597 1721
POP: 8344 9100 2653 929 5598 359 7690 3069 5709 1597
POP: 8344 9100 2653 929 5598 359 7690 3069 5709
PUSH(9291): 8344 9100 2653 929 5598 359 7690 3069 5709 9291
PUSH(5654): 8344 9100 2653 929 5598 359 7690 3069 5709 9291 5654
PUSH(6206): 8344 9100 2653 929 5598 359 7690 3069 5709 9291 5654 6206
PUSH(3329): 8344 9100 2653 929 5598 359 7690 3069 5709 9291 5654 6206 3329
POP: 8344 9100 2653 929 5598 359 7690 3069 5709 9291 5654 6206
PUSH(2750): 8344 9100 2653 929 5598 359 7690 3069 5709 9291 5654 6206 2750
POP: 8344 9100 2653 929 5598 359 7690 3069 5709 9291 5654 6206
POP: 8344 9100 2653 929 5598 359 7690 3069 5709 9291 5654
PUSH(3507): 8344 9100 2653 929 5598 359 7690 3069 5709 9291 5654 3507
PUSH(299): 8344 9100 2653 929 5598 359 7690 3069 5709 9291 5654 3507 299
PUSH(7498): 8344 9100 2653 929 5598 359 7690 3069 5709 9291 5654 3507 299 7498
PUSH(7346): 8344 9100 2653 929 5598 359 7690 3069 5709 9291 5654 3507 299 7498 7346
PUSH(5614): 8344 9100 2653 929 5598 359 7690 3069 5709 9291 5654 3507 299 7498 7346 5614
PUSH(8303): 8344 9100 2653 929 5598 359 7690 3069 5709 9291 5654 3507 299 7498 7346 5614 8303
POP: 8344 9100 2653 929 5598 359 7690 3069 5709 9291 5654 3507 299 7498 7346 5614
PUSH(577): 8344 9100 2653 929 5598 359 7690 3069 5709 9291 5654 3507 299 7498 7346 5614 577
PUSH(7951): 8344 9100 2653 929 5598 359 7690 3069 5709 9291 5654 3507 299 7498 7346 5614 577 7951
POP: 8344 9100 2653 929 5598 359 7690 3069 5709 9291 5654 3507 299 7498 7346 5614 577
POP: 8344 9100 2653 929 5598 359 7690 3069 5709 9291 5654 3507 299 7498 7346 5614
PUSH(3299): 8344 9100 2653 929 5598 359 7690 3069 5709 9291 5654 3507 299 7498 7346 5614 3299
POP: 8344 9100 2653 929 5598 359 7690 3069 5709 9291 5654 3507 299 7498 7346 5614
PUSH(9505): 8344 9100 2653 929 5598 359 7690 3069 5709 9291 5654 3507 299 7498 7346 5614 9505
POP: 8344 9100 2653 929 5598 359 7690 3069 5709 9291 5654 3507 299 7498 7346 5614
POP: 8344 9100 2653 929 5598 359 7690 3069 5709 9291 5654 3507 299 7498 7346
PUSH(7837): 8344 9100 2653 929 5598 359 7690 3069 5709 9291 5654 3507 299 7498 7346 7837
PUSH(3116): 8344 9100 2653 929 5598 359 7690 3069 5709 9291 5654 3507 299 7498 7346 7837 3116
POP: 8344 9100 2653 929 5598 359 7690 3069 5709 9291 5654 3507 299 7498 7346 7837
PUSH(6623): 8344 9100 2653 929 5598 359 7690 3069 5709 9291 5654 3507 299 7498 7346 7837 6623
POP: 8344 9100 2653 929 5598 359 7690 3069 5709 9291 5654 3507 299 7498 7346 7837
PUSH(7431): 8344 9100 2653 929 5598 359 7690 3069 5709 9291 5654 3507 299 7498 7346 7837 7431
POP: 8344 9100 2653 929 5598 359 7690 3069 5709 9291 5654 3507 299 7498 7346 7837
PUSH(1129): 8344 9100 2653 929 5598 359 7690 3069 5709 9291 5654 3507 299 7498 7346 7837 1129
POP: 8344 9100 2653 929 5598 359 7690 3069 5709 9291 5654 3507 299 7498 7346 7837
PUSH(3997): 8344 9100 2653 929 5598 359 7690 3069 5709 9291 5654 3507 299 7498 7346 7837 3997
POP: 8344 9100 2653 929 5598 359 7690 3069 5709 9291 5654 3507 299 7498 7346 7837
POP: 8344 9100 2653 929 5598 359 7690 3069 5709 9291 5654 3507 299 7498 7346
POP: 8344 9100 2653 929 5598 359 7690 3069 5709 9291 5654 3507 299 7498
PUSH(2270): 8344 9100 2653 929 5598 359 7690 3069 5709 9291 5654 3507 299 7498 2270
PUSH(215): 8344 9100 2653 929 5598 359 7690 3069 5709 9291 5654 3507 299 7498 2270 215
POP: 8344 9100 2653 929 5598 359 7690 3069 5709 9291 5654 3507 299 7498 2270
POP: 8344 9100 2653 929 5598 359 7690 3069 5709 9291 5654 3507 299 7498
POP: 8344 9100 2653 929 5598 359 7690 3069 5709 9291 5654 3507 299
PUSH(9363): 8344 9100 2653 929 5598 359 7690 3069 5709 9291 5654 3507 299 9363
PUSH(1967): 8344 9100 2653 929 5598 359 7690 3069 5709 9291 5654 3507 299 9363 1967
POP: 8344 9100 2653 929 5598 359 7690 3069 5709 9291 5654 3507 299 9363
POP: 8344 9100 2653 929 5598 359 7690 3069 5709 9291 5654 3507 299
PUSH(5413): 8344 9100 2653 929 5598 359 7690 3069 5709 9291 5654 3507 299 5413
POP: 8344 9100 2653 929 5598 359 7690 3069 5709 9291 5654 3507 299
POP: 8344 9100 2653 929 5598 359 7690 3069 5709 9291 5654 3507
POP: 8344 9100 2653 929 5598 359 7690 3069 5709 9291 5654
PUSH(6472): 8344 9100 2653 929 5598 359 7690 3069 5709 9291 5654 6472
POP: 8344 9100 2653 929 5598 359 7690 3069 5709 9291 5654
POP: 8344 9100 2653 929 5598 359 7690 3069 5709 9291
PUSH(3514): 8344 9100 2653 929 5598 359 7690 3069 5709 9291 3514
PUSH(8721): 8344 9100 2653 929 5598 359 7690 3069 5709 9291 3514 8721
PUSH(4635): 8344 9100 2653 929 5598 359 7690 3069 5709 9291 3514 8721 4635
PUSH(3124): 8344 9100 2653 929 5598 359 7690 3069 5709 9291 3514 8721 4635 3124
PUSH(9613): 8344 9100 2653 929 5598 359 7690 3069 5709 9291 3514 8721 4635 3124 9613
PUSH(5228): 8344 9100 2653 929 5598 359 7690 3069 5709 9291 3514 8721 4635 3124 9613 5228
PUSH(5439): 8344 9100 2653 929 5598 359 7690 3069 5709 9291 3514 8721 4635 3124 9613 5228 5439
POP: 8344 9100 2653 929 5598 359 7690 3069 5709 9291 3514 8721 4635 3124 9613 5228
POP: 8344 9100 2653 929 5598 359 7690 3069 5709 9291 3514 8721 4635 3124 9613
POP: 8344 9100 2653 929 5598 359 7690 3069 5709 9291 3514 8721 4635 3124
POP: 8344 9100 2653 929 5598 359 7690 3069 5709 9291 3514 8721 4635
PUSH(880): 8344 9100 2653 929 5598 359 7690 3069 5709 9291 3514 8721 4635 880
PUSH(1407): 8344 9100 2653 929 5598 359 7690 3069 5709 9291 3514 8721 4635 880 1407
PUSH(8413): 8344 9100 2653 929 5598 359 7690 3069 5709 9291 3514 8721 4635 880 1407 8413
PUSH(2436): 8344 9100 2653 929 5598 359 7690 3069 5709 9291 3514 8721 4635 880 1407 8413 2436
PUSH(3532): 8344 9100 2653 929 5598 359 7690 3069 5709 9291 3514 8721 4635 880 1407 8413 2436 3532
PUSH(5020): 8344 9100 2653 929 5598 359 7690 3069 5709 9291 3514 8721 4635 880 1407 8413 2436 3532 5020
POP: 8344 9100 2653 929 5598 359 7690 3069 5709 9291 3514 8721 4635 880 1407 8413 2436 3532
PUSH(8534): 8344 9100 2653 929 5598 359 7690 3069 5709 9291 3514 8721 4635 880 1407 8413 2436 3532 8534
POP: 8344 9100 2653 929 5598 359 7690 3069 5709 9291 3514 8721 4635 880 1407 8413 2436 3532
PUSH(9062): 8344 9100 2653 929 5598 359 7690 3069 5709 9291 3514 8721 4635 880 1407 8413 2436 3532 9062
PUSH(2432): 8344 9100 2653 929 5598 359 7690 3069 5709 9291 3514 8721 4635 880 1407 8413 2436 3532 9062 2432
PUSH(622): 8344 9100 2653 929 5598 359 7690 3069 5709 9291 3514 8721 4635 880 1407 8413 2436 3532 9062 2432 622
POP: 8344 9100 2653 929 5598 359 7690 3069 5709 9291 3514 8721 4635 880 1407 8413 2436 3532 9062 2432
PUSH(5850): 8344 9100 2653 929 5598 359 7690 3069 5709 9291 3514 8721 4635 880 1407 8413 2436 3532 9062 2432 5850
PUSH(9371): 8344 9100 2653 929 5598 359 7690 3069 5709 9291 3514 8721 4635 880 1407 8413 2436 3532 9062 2432 5850 9371
PUSH(6977): 8344 9100 2653 929 5598 359 7690 3069 5709 9291 3514 8721 4635 880 1407 8413 2436 3532 9062 2432 5850 9371 6977
PUSH(461): 8344 9100 2653 929 5598 359 7690 3069 5709 9291 3514 8721 4635 880 1407 8413 2436 3532 9062 2432 5850 9371 6977 461
POP: 8344 9100 2653 929 5598 359 7690 3069 5709 9291 3514 8721 4635 880 1407 8413 2436 3532 9062 2432 5850 9371 6977
PUSH(3461): 8344 9100 2653 929 5598 359 7690 3069 5709 9291 3514 8721 4635 880 1407 8413 2436 3532 9062 2432 5850 9371 6977 3461
PUSH(8905): 8344 9100 2653 929 5598 359 7690 3069 5709 9291 3514 8721 4635 880 1407 8413 2436 3532 9062 2432 5850 9371 6977 3461 8905
PUSH(7018): 8344 9100 2653 929 5598 359 7690 3069 5709 9291 3514 8721 4635 880 1407 8413 2436 3532 9062 2432 5850 9371 6977 3461 8905 7018
POP: 8344 9100 2653 929 5598 359 7690 3069 5709 9291 3514 8721 4635 880 1407 8413 2436 3532 9062 2432 5850 9371 6977 3461 8905
PUSH(6902): 8344 9100 2653 929 5598 359 7690 3069 5709 9291 3514 8721 4635 880 1407 8413 2436 3532 9062 2432 5850 9371 6977 3461 8905 6902
POP: 8344 9100 2653 929 5598 359 7690 3069 5709 9291 3514 8721 4635 880 1407 8413 2436 3532 9062 2432 5850 9371 6977 3461 8905
PUSH(6295): 8344 9100 2653 929 5598 359 7690 3069 5709 9291 3514 8721 4635 880 1407 8413 2436 3532 9062 2432 5850 9371 6977 3461 8905 6295
PUSH(4686): 8344 9100 2653 929 5598 359 7690 3069 5709 9291 3514 8721 4635 880 1407 8413 2436 3532 9062 2432 5850 9371 6977 3461 8905 6295 4686
PUSH(4988): 8344 9100 2653 929 5598 359 7690 3069 5709 9291 3514 8721 4635 880 1407 8413 2436 3532 9062 2432 5850 9371 6977 3461 8905 6295 4686 4988
POP: 8344 9100 2653 929 5598 359 7690 3069 5709 9291 3514 8721 4635 880 1407 8413 2436 3532 9062 2432 5850 9371 6977 3461 8905 6295 4686
PUSH(7420): 8344 9100 2653 929 5598 359 7690 3069 5709 9291 3514 8721 4635 880 1407 8413 2436 3532 9062 2432 5850 9371 6977 3461 8905 6295 4686 7420
POP: 8344 9100 2653 929 5598 359 7690 3069 5709 9291 3514 8721 4635 880 1407 8413 2436 3532 9062 2432 5850 9371 6977 3461 8905 6295 4686
PUSH(5818): 8344 9100 2653 929 5598 359 7690 3069 5709 9291 3514 8721 4635 880 1407 8413 2436 3532 9062 2432 5850 9371 6977 3461 8905 6295 4686 5818
PUSH(3817): 8344 9100 2653 929 5598 359 7690 3069 5709 9291 3514 8721 4635 880 1407 8413 2436 3532 9062 2432 5850 9371 6977 3461 8905 6295 4686 5818 3817
PUSH(8295): 8344 9100 2653 929 5598 359 7690 3069 5709 9291 3514 8721 4635 880 1407 8413 2436 3532 9062 2432 5850 9371 6977 3461 8905 6295 4686 5818 3817 8295
POP: 8344 9100 2653 929 5598 359 7690 3069 5709 9291 3514 8721 4635 880 1407 8413 2436 3532 9062 2432 5850 9371 6977 3461 8905 6295 4686 5818 3817
POP: 8344 9100 2653 929 5598 359 7690 3069 5709 9291 3514 8721 4635 880 1407 8413 2436 3532 9062 2432 5850 9371 6977 3461 8905 6295 4686 5818
PUSH(7280): 8344 9100 2653 929 5598 359 7690 3069 5709 9291 3514 8721 4635 880 1407 8413 2436 3532 9062 2432 5850 9371 6977 3461 8905 6295 4686 5818 7280
POP: 8344 9100 2653 929 5598 359 7690 3069 5709 9291 3514 8721 4635 880 1407 8413 2436 3532 9062 2432 5850 9371 6977 3461 8905 6295 4686 5818
PUSH(7093): 8344 9100 2653 929 5598 359 7690 3069 5709 9291 3514 8721 4635 880 1407 8413 2436 3532 9062 2432 5850 9371 6977 3461 8905 6295 4686 5818 7093
POP: 8344 9100 2653 929 5598 359 7690 3069 5709 9291 3514 8721 4635 880 1407 8413 2436 3532 9062 2432 5850 9371 6977 3461 8905 6295 4686 5818
POP: 8344 9100 2653 929 5598 359 7690 3069 5709 9291 3514 8721 4635 880 1407 8413 2436 3532 9062 2432 5850 9371 6977 3461 8905 6295 4686
POP: 8344 9100 2653 929 5598 359 7690 3069 5709 9291 3514 8721 4635 880 1407 8413 2436 3532 9062 2432 5850 9371 6977 3461 8905 6295
PUSH(1398): 8344 9100 2653 929 5598 359 7690 3069 5709 9291 3514 8721 4635 880 1407 8413 2436 3532 9062 2432 5850 9371 6977 3461 8905 6295 1398
POP: 8344 9100 2653 929 5598 359 7690 3069 5709 9291 3514 8721 4635 880 1407 8413 2436 3532 9062 2432 5850 9371 6977 3461 8905 6295
PUSH(4352): 8344 9100 2653 929 5598 359 7690 3069 5709 9291 3514 8721 4635 880 1407 8413 2436 3532 9062 2432 5850 9371 6977 3461 8905 6295 4352
PUSH(960): 8344 9100 2653 929 5598 359 7690 3069 5709 9291 3514 8721 4635 880 1407 8413 2436 3532 9062 2432 5850 9371 6977 3461 8905 6295 4352 960
PUSH(938): 8344 9100 2653 929 5598 359 7690 3069 5709 9291 3514 8721 4635 880 1407 8413 2436 3532 9062 2432 5850 9371 6977 3461 8905 6295 4352 960 938
PUSH(8950): 8344 9100 2653 929 5598 359 7690 3069 5709 9291 3514 8721 4635 880 1407 8413 2436 3532 9062 2432 5850 9371 6977 3461 8905 6295 4352 960 938 8950
POP: 8344 9100 2653 929 5598 359 7690 3069 5709 9291 3514 8721 4635 880 1407 8413 2436 3532 9062 2432 5850 9371 6977 3461 8905 6295 4352 960 938
POP: 8344 9100 2653 929 5598 359 7690 3069 5709 9291 3514 8721 4635 880 1407 8413 2436 3532 9062 2432 5850 9371 6977 3461 8905 6295 4352 960
PUSH(6031): 8344 9100 2653 929 5598 359 7690 3069 5709 9291 3514 8721 4635 880 1407 8413 2436 3532 9062 2432 5850 9371 6977 3461 8905 6295 4352 960 6031
POP: 8344 9100 2653 929 5598 359 7690 3069 5709 9291 3514 8721 4635 880 1407 8413 2436 3532 9062 2432 5850 9371 6977 3461 8905 6295 4352 960
PUSH(4955): 8344 9100 2653 929 5598 359 7690 3069 5709 9291 3514 8721 4635 880 1407 8413 2436 3532 9062 2432 5850 9371 6977 3461 8905 6295 4352 960 4955
PUSH(5288): 8344 9100 2653 929 5598 359 7690 3069 5709 9291 3514 8721 4635 880 1407 8413 2436 3532 9062 2432 5850 9371 6977 3461 8905 6295 4352 960 4955 5288
PUSH(529): 8344 9100 2653 929 5598 359 7690 3069 5709 9291 3514 8721 4635 880 1407 8413 2436 3532 9062 2432 5850 9371 6977 3461 8905 6295 4352 960 4955 5288 529
PUSH(2534): 8344 9100 2653 929 5598 359 7690 3069 5709 9291 3514 8721 4635 880 1407 8413 2436 3532 9062 2432 5850 9371 6977 3461 8905 6295 4352 960 4955 5288 529 2534
POP: 8344 9100 2653 929 5598 359 7690 3069 5709 9291 3514 8721 4635 880 1407 8413 2436 3532 9062 2432 5850 9371 6977 3461 8905 6295 4352 960 4955 5288 529
POP: 8344 9100 2653 929 5598 359 7690 3069 5709 9291 3514 8721 4635 880 1407 8413 2436 3532 9062 2432 5850 9371 6977 3461 8905 6295 4352 960 4955 5288
POP: 8344 9100 2653 929 5598 359 7690 3069 5709 9291 3514 8721 4635 880 1407 8413 2436 3532 9062 2432 5850 9371 6977 3461 8905 6295 4352 960 4955
PUSH(8584): 8344 9100 2653 929 5598 359 7690 3069 5709 9291 3514 8721 4635 880 1407 8413 2436 3532 9062 2432 5850 9371 6977 3461 8905 6295 4352 960 4955 8584
PUSH(6573): 8344 9100 2653 929 5598 359 7690 3069 5709 9291 3514 8721 4635 880 1407 8413 2436 3532 9062 2432 5850 9371 6977 3461 8905 6295 4352 960 4955 8584 6573
PUSH(8791): 8344 9100 2653 929 5598 359 7690 3069 5709 9291 3514 8721 4635 880 1407 8413 2436 3532 9062 2432 5850 9371 6977 3461 8905 6295 4352 960 4955 8584 6573 8791
